Consumer Price Index for All Urban Consumers (CPI-U)														
Original Data Value														
														
Series Id:	CUUR0000SAF113													
Not Seasonally Adjusted														
Series Title:	Fruits and vegetables in U.S. city average, all urban consumers, not seasonally adjusted													
Area:	U.S. city average													
Item:	Fruits and vegetables													
Base Period:	1982-84=100													
Years:	2015 to 2025													
														
Year	Jan	Feb	Mar	Apr	May	Jun	Jul	Aug	Sep	Oct	Nov	Dec	HALF1	HALF2
2015	298.781	295.686	289.858	290.178	293.011	288.968	287.816	291.344	295.394	297.931	298.037	299.078		
2016	306.796	306.778	298.162	296.217	295.974	292.733	291.960	292.156	293.423	295.616	293.554	291.957		
2017	291.679	292.222	292.932	298.164	298.470	294.788	294.935	295.009	297.047	299.700	296.791	296.476		
2018	301.814	298.503	293.870	296.863	297.211	295.523	297.632	297.644	298.432	298.531	296.362	301.134	297.297	298.289
2019	304.605	304.621	305.399	303.503	302.352	298.611	299.350	298.600	297.309	301.318	297.472	297.105	303.182	298.526
2020	301.679	299.817	299.641	304.809	306.798	305.393	306.123	306.754	306.249	309.071	306.311	306.506	303.023	306.836
2021	309.954	309.993	311.168	314.973	315.748	315.211	312.875	313.672	315.428	318.316	318.436	321.931	312.841	316.776
2022	327.451	333.675	337.503	339.385	341.594	340.594	341.839	343.221	348.173	348.021	349.462	349.134	336.700	346.642
2023	351.029	351.249	345.814	346.269	350.986	350.724	351.646	350.428	351.020	351.952	350.736	350.250	349.345	351.005
2024	354.798	353.965	352.841	352.274	353.084	348.901	350.962	349.599	353.508	355.292	354.696	353.630	352.644	352.948
2025	355.837	353.197	350.379	349.187	351.335	351.414	351.764	356.104	358.019				351.892	
														
PPI Industry Data														
Original Data Value														
														
Series Id:	PCU311421311421													
Series Title:	PPI industry data for Fruit and vegetable canning, not seasonally adjusted													
Industry:	Fruit and vegetable canning													
Product:	Fruit and vegetable canning													
Base Date:	198106													
Years:	2015 to 2025													
														
Year	Jan	Feb	Mar	Apr	May	Jun	Jul	Aug	Sep	Oct	Nov	Dec		
2015	207.8	208.6	211.0	208.3	208.9	208.9	208.6	206.3	207.1	206.1	207.1	205.3		
2016	203.5	204.4	203.5	203.2	203.7	203.9	204.7	206.0	207.0	206.6	208.2	208.9		
2017	208.7	207.8	207.9	209.0	208.8	208.8	208.5	208.7	208.3	208.7	210.1	209.0		
2018	209.4	210.2	208.9	208.9	210.4	211.4	210.8	211.7	211.5	211.5	212.8	213.1		
2019	212.3	211.6	212.1	211.2	210.4	211.1	210.7	211.7	212.0	212.4	212.9	212.4		
2020	215.6	214.7	215.2	215.3	217.5	217.1	217.3	216.8	219.0	219.1	220.2	220.0		
2021	220.8	221.1	220.4	220.5	221.6	220.8	221.476	223.595	226.606	228.935	229.060	231.726		
2022	235.252	237.627	240.264	245.196	251.257	253.123	262.970	265.913	269.641	272.134	275.993	276.300		
2023	278.429	279.369	282.629	280.958	285.533	285.840	287.193	293.172	291.777	291.789	292.606	292.335		
2024	292.412	296.280	292.118	291.936	293.945	294.138	294.114	295.176	295.359	295.364	295.942	293.672		
2025	295.766	296.668	295.635	295.499	294.960	295.252	296.357	299.105	299.858					
